CO_GT:
  mean: 2.082195148017527
  std: 1.469801245883459
NO2_GT:
  mean: 109.41487656300096
  std: 47.221662002167456
RH:
  mean: 48.817430800470234
  std: 17.354325852810295
T:
  mean: 18.31735599016779
  std: 8.821883022989603
