CO_GT:
  mean: 2.1326926736441485
  std: 1.4591495845918887
NO2_GT:
  mean: 98.6523311132255
  std: 41.60213560954765
RH:
  mean: 48.00588011417698
  std: 17.588012776730224
T:
  mean: 20.83828734538535
  std: 7.899655668775246
